900.00  1
1094.00  1
1369.00  1
212.00  2
1050.00  2
1051.00  2
1488.00  2
1502.00  2
135.00  4
141.00  4
147.00  4
177.00  4
374.00  4
451.00  4
464.00  4
621.00  4
745.00  4
828.00  4
882.00  4
1083.00  4
1085.00  4
1167.00  4
1179.00  4
1210.00  4
1232.00  4
1266.00  4
1496.00  4
1567.00  4
201.00  5
862.00  5
1094.00  5
1330.00  5
1354.00  5
1425.00  5
1447.00  5
634.00  6
1382.00  6
190.00  7
226.00  7
291.00  7
551.00  7
909.00  7
943.00  7
1028.00  7
1277.00  7
1421.00  7
1221.00  8
1366.00  8
176.00 11
560.00 11
752.00 11
816.00 11
1072.00 11
1328.00 11
1456.00 11
400.00 13
741.00 13
750.00 13
927.00 13
1105.00 13
1284.00 13
1320.00 13
1356.00 13
1439.00 13
1462.00 13
1515.00 13
1565.00 13
173.00 14
203.00 14
341.00 14
496.00 14
540.00 14
788.00 14
918.00 14
1080.00 14
1232.00 14
1275.00 14
1281.00 14
1373.00 14
1394.00 14
1459.00 14
1499.00 14
1572.00 14
252.00 15
357.00 15
409.00 15
775.00 15
1040.00 15
1046.00 15
1051.00 15
1094.00 15
1100.00 15
1236.00 15
1238.00 15
1414.00 15
1454.00 15
1476.00 15
140.00 16
208.00 16
505.00 16
618.00 16
639.00 16
647.00 16
710.00 16
738.00 16
741.00 16
843.00 16
858.00 16
912.00 16
953.00 16
1004.00 16
1008.00 16
1075.00 16
1405.00 16
1543.00 16
1583.00 16
157.00 17
162.00 17
787.00 17
1094.00 17
1149.00 17
137.00 18
146.00 18
148.00 18
171.00 18
173.00 18
185.00 18
186.00 18
187.00 18
497.00 18
508.00 18
515.00 18
529.00 18
539.00 18
680.00 18
870.00 18
871.00 18
878.00 18
880.00 18
881.00 18
883.00 18
887.00 18
890.00 18
900.00 18
902.00 18
1009.00 18
1094.00 18
1119.00 18
1195.00 18
1219.00 18
1238.00 18
1241.00 18
1242.00 18
1250.00 18
1257.00 18
1263.00 18
1381.00 18
1421.00 18
160.00 19
163.00 19
328.00 19
409.00 19
415.00 19
490.00 19
544.00 19
628.00 19
676.00 19
739.00 19
797.00 19
852.00 19
892.00 19
900.00 19
913.00 19
1117.00 19
1150.00 19
1240.00 19
1342.00 19
1505.00 19
1568.00 19
174.00 20
251.00 20
377.00 20
382.00 20
483.00 20
588.00 20
593.00 20
686.00 20
698.00 20
743.00 20
766.00 20
776.00 20
791.00 20
883.00 20
1022.00 20
1036.00 20
1043.00 20
1059.00 20
1119.00 20
1462.00 20
1577.00 20
182.00 21
288.00 21
330.00 21
490.00 21
567.00 21
599.00 21
861.00 21
974.00 21
1168.00 21
1262.00 21
1390.00 21
1475.00 21
1554.00 21
1555.00 21
1576.00 21
183.00 22
224.00 22
912.00 22
914.00 22
917.00 22
1105.00 22
1279.00 22
1318.00 22
158.00 23
247.00 23
585.00 23
645.00 23
666.00 23
783.00 23
985.00 23
1097.00 23
1104.00 23
1268.00 23
1531.00 23
174.00 24
224.00 24
255.00 24
272.00 24
292.00 24
450.00 24
460.00 24
499.00 24
670.00 24
887.00 24
1094.00 24
1128.00 24
1270.00 24
1274.00 24
1299.00 24
1352.00 24
1467.00 24
337.00 25
1511.00 25
1545.00 25
232.00 26
233.00 26
234.00 26
235.00 26
236.00 26
239.00 26
602.00 26
603.00 26
604.00 26
606.00 26
913.00 26
914.00 26
921.00 26
971.00 26
972.00 26
973.00 26
974.00 26
1232.00 26
1339.00 26
1340.00 26
1341.00 26
1342.00 26
1343.00 26
1345.00 26
168.00 27
295.00 27
798.00 27
1094.00 27
1179.00 27
1180.00 27
1226.00 27
1267.00 27
1531.00 27
742.00 28
898.00 28
1105.00 28
1319.00 28
1094.00 29
1285.00 29
151.00 30
212.00 30
607.00 30
794.00 30
1016.00 30
1422.00 30
1499.00 30
1520.00 30
1041.00 32
1206.00 32
1396.00 32
1575.00 32
1577.00 32
155.00 33
360.00 33
371.00 33
408.00 33
423.00 33
785.00 33
794.00 33
812.00 33
879.00 33
883.00 33
980.00 33
986.00 33
1141.00 33
1179.00 33
1494.00 33
1497.00 33
1565.00 33
139.00 34
235.00 34
251.00 34
271.00 34
301.00 34
331.00 34
411.00 34
414.00 34
476.00 34
496.00 34
517.00 34
818.00 34
855.00 34
926.00 34
946.00 34
978.00 34
1151.00 34
1256.00 34
1280.00 34
1281.00 34
1320.00 34
1343.00 34
1351.00 34
1514.00 34
1519.00 34
1522.00 34
1561.00 34
1569.00 34
308.00 35
417.00 35
450.00 35
491.00 35
493.00 35
587.00 35
603.00 35
886.00 35
911.00 35
918.00 35
993.00 35
997.00 35
1124.00 35
1192.00 35
1257.00 35
1265.00 35
1286.00 35
1302.00 35
1306.00 35
1344.00 35
1345.00 35
1359.00 35
1576.00 35
172.00 36
173.00 36
254.00 36
541.00 36
611.00 36
835.00 36
908.00 36
1276.00 36
1561.00 36
162.00 37
716.00 37
927.00 37
954.00 37
1060.00 37
1332.00 37
1503.00 37
149.00 38
155.00 38
191.00 38
334.00 38
366.00 38
488.00 38
490.00 38
509.00 38
539.00 38
753.00 38
819.00 38
864.00 38
870.00 38
920.00 38
958.00 38
1020.00 38
1036.00 38
1081.00 38
1225.00 38
1258.00 38
1326.00 38
1421.00 38
1427.00 38
1501.00 38
1564.00 38
1578.00 38
139.00 39
187.00 39
459.00 39
633.00 39
793.00 39
1008.00 39
1236.00 39
1384.00 39
1386.00 39
1445.00 39
1492.00 39
141.00 40
219.00 40
251.00 40
254.00 40
300.00 40
364.00 40
389.00 40
469.00 40
500.00 40
667.00 40
684.00 40
708.00 40
709.00 40
749.00 40
899.00 40
906.00 40
990.00 40
998.00 40
1077.00 40
1094.00 40
1172.00 40
1193.00 40
1218.00 40
1232.00 40
1268.00 40
1329.00 40
1368.00 40
1409.00 40
1426.00 40
1452.00 40
254.00 41
260.00 41
261.00 41
264.00 41
339.00 41
632.00 41
633.00 41
634.00 41
635.00 41
636.00 41
637.00 41
638.00 41
639.00 41
667.00 41
669.00 41
680.00 41
1007.00 41
1008.00 41
1009.00 41
1010.00 41
1011.00 41
1012.00 41
1013.00 41
1037.00 41
1038.00 41
1039.00 41
1053.00 41
1094.00 41
1381.00 41
1382.00 41
1383.00 41
1384.00 41
1385.00 41
1386.00 41
1387.00 41
1389.00 41
1390.00 41
1408.00 41
1409.00 41
142.00 42
172.00 42
173.00 42
175.00 42
176.00 42
178.00 42
214.00 42
393.00 42
546.00 42
547.00 42
548.00 42
549.00 42
551.00 42
552.00 42
553.00 42
557.00 42
599.00 42
602.00 42
769.00 42
854.00 42
888.00 42
920.00 42
922.00 42
923.00 42
924.00 42
925.00 42
927.00 42
928.00 42
930.00 42
940.00 42
956.00 42
964.00 42
974.00 42
1008.00 42
1094.00 42
1191.00 42
1295.00 42
1299.00 42
1301.00 42
1309.00 42
1311.00 42
1340.00 42
1342.00 42
1343.00 42
1351.00 42
1561.00 42
133.00 43
134.00 43
136.00 43
137.00 43
138.00 43
139.00 43
140.00 43
152.00 43
225.00 43
507.00 43
508.00 43
509.00 43
510.00 43
511.00 43
512.00 43
513.00 43
514.00 43
516.00 43
582.00 43
882.00 43
883.00 43
884.00 43
885.00 43
886.00 43
888.00 43
889.00 43
890.00 43
891.00 43
892.00 43
1257.00 43
1258.00 43
1259.00 43
1260.00 43
1261.00 43
1262.00 43
1263.00 43
1264.00 43
1265.00 43
1266.00 43
1267.00 43
1271.00 43
1350.00 43
1377.00 43
154.00 44
247.00 44
333.00 44
587.00 44
602.00 44
848.00 44
1017.00 44
1093.00 44
1123.00 44
139.00 45
335.00 45
466.00 45
535.00 45
859.00 45
888.00 45
1094.00 45
1292.00 45
1416.00 45
1488.00 45
1585.00 45
278.00 46
430.00 46
617.00 46
680.00 46
681.00 46
867.00 46
1051.00 46
1053.00 46
1105.00 46
1171.00 46
1240.00 46
1294.00 46
1422.00 46
1425.00 46
1429.00 46
1465.00 46
1492.00 46
158.00 47
173.00 47
236.00 47
272.00 47
275.00 47
307.00 47
406.00 47
449.00 47
519.00 47
627.00 47
642.00 47
697.00 47
699.00 47
732.00 47
800.00 47
812.00 47
826.00 47
871.00 47
927.00 47
954.00 47
987.00 47
1025.00 47
1080.00 47
1096.00 47
1111.00 47
1256.00 47
1343.00 47
1425.00 47
1450.00 47
1504.00 47
1508.00 47
1580.00 47
376.00 48
485.00 48
717.00 48
775.00 48
829.00 48
886.00 48
916.00 48
1094.00 48
1552.00 48
411.00 49
1409.00 49
1445.00 49
215.00 50
288.00 50
630.00 50
1094.00 50
1323.00 50
1328.00 50
1462.00 50
1530.00 50
263.00 51
374.00 51
397.00 51
679.00 51
792.00 51
917.00 51
1102.00 51
1179.00 51
1410.00 51
1478.00 51
155.00 52
226.00 52
613.00 52
636.00 52
949.00 52
1058.00 52
1394.00 52
176.00 53
314.00 53
355.00 53
448.00 53
488.00 53
497.00 53
567.00 53
602.00 53
620.00 53
643.00 53
753.00 53
756.00 53
784.00 53
885.00 53
924.00 53
1005.00 53
1018.00 53
1094.00 53
1113.00 53
1138.00 53
1139.00 53
1150.00 53
1163.00 53
1185.00 53
1197.00 53
1243.00 53
1282.00 53
1285.00 53
1345.00 53
1415.00 53
1491.00 53
1521.00 53
1542.00 53
1547.00 53
135.00 54
173.00 54
179.00 54
245.00 54
439.00 54
633.00 54
837.00 54
855.00 54
911.00 54
915.00 54
937.00 54
951.00 54
990.00 54
1013.00 54
1029.00 54
1174.00 54
1359.00 54
1414.00 54
1421.00 54
1492.00 54
1556.00 54
363.00 55
993.00 55
996.00 55
1107.00 55
1325.00 55
1394.00 55
316.00 56
417.00 56
458.00 56
524.00 56
767.00 56
889.00 56
971.00 56
1094.00 56
1174.00 56
1423.00 56
1443.00 56
1554.00 56
251.00 57
568.00 57
593.00 57
641.00 57
705.00 57
862.00 57
865.00 57
993.00 57
1095.00 57
1186.00 57
1191.00 57
1249.00 57
1561.00 57
172.00 58
173.00 58
186.00 58
187.00 58
228.00 58
230.00 58
231.00 58
232.00 58
233.00 58
234.00 58
235.00 58
236.00 58
238.00 58
239.00 58
244.00 58
374.00 58
375.00 58
402.00 58
403.00 58
404.00 58
540.00 58
549.00 58
552.00 58
570.00 58
596.00 58
601.00 58
602.00 58
603.00 58
604.00 58
605.00 58
606.00 58
609.00 58
737.00 58
765.00 58
796.00 58
815.00 58
908.00 58
913.00 58
916.00 58
917.00 58
921.00 58
923.00 58
929.00 58
939.00 58
941.00 58
955.00 58
964.00 58
968.00 58
970.00 58
971.00 58
972.00 58
973.00 58
974.00 58
975.00 58
976.00 58
1094.00 58
1128.00 58
1157.00 58
1158.00 58
1271.00 58
1275.00 58
1282.00 58
1283.00 58
1308.00 58
1309.00 58
1335.00 58
1339.00 58
1340.00 58
1341.00 58
1342.00 58
1343.00 58
1344.00 58
1345.00 58
1346.00 58
1348.00 58
1431.00 58
1490.00 58
1491.00 58
1492.00 58
1529.00 58
1539.00 58
1542.00 58
1562.00 58
238.00 59
343.00 59
435.00 59
501.00 59
914.00 59
1281.00 59
1423.00 59
1530.00 59
1533.00 59
1543.00 59
330.00 60
376.00 60
593.00 60
614.00 60
888.00 60
1021.00 60
1056.00 60
1185.00 60
1342.00 60
1509.00 60
1512.00 60
1530.00 60
1550.00 60
1566.00 60
291.00 61
359.00 61
406.00 61
476.00 61
581.00 61
596.00 61
690.00 61
710.00 61
722.00 61
746.00 61
805.00 61
936.00 61
1004.00 61
1077.00 61
1174.00 61
1256.00 61
1283.00 61
1329.00 61
1405.00 61
1461.00 61
1467.00 61
1517.00 61
1521.00 61
148.00 62
173.00 62
174.00 62
176.00 62
186.00 62
187.00 62
294.00 62
388.00 62
402.00 62
540.00 62
555.00 62
579.00 62
634.00 62
680.00 62
745.00 62
747.00 62
768.00 62
775.00 62
888.00 62
908.00 62
909.00 62
912.00 62
913.00 62
914.00 62
916.00 62
946.00 62
988.00 62
989.00 62
1123.00 62
1132.00 62
1134.00 62
1157.00 62
1235.00 62
1275.00 62
1277.00 62
1385.00 62
1499.00 62
1535.00 62
1544.00 62
1554.00 62
235.00 63
236.00 63
254.00 63
319.00 63
333.00 63
433.00 63
516.00 63
567.00 63
602.00 63
616.00 63
630.00 63
703.00 63
706.00 63
745.00 63
851.00 63
915.00 63
932.00 63
946.00 63
1004.00 63
1094.00 63
1255.00 63
1264.00 63
1287.00 63
1324.00 63
1388.00 63
1398.00 63
1424.00 63
1516.00 63
1553.00 63
147.00 64
159.00 64
240.00 64
245.00 64
251.00 64
287.00 64
312.00 64
414.00 64
634.00 64
635.00 64
891.00 64
922.00 64
952.00 64
1094.00 64
1126.00 64
1193.00 64
1218.00 64
1219.00 64
1239.00 64
1310.00 64
1323.00 64
1363.00 64
1383.00 64
1390.00 64
1430.00 64
1504.00 64
1506.00 64
1550.00 64
1559.00 64
358.00 65
370.00 65
374.00 65
457.00 65
577.00 65
582.00 65
584.00 65
595.00 65
605.00 65
745.00 65
755.00 65
826.00 65
889.00 65
890.00 65
921.00 65
939.00 65
955.00 65
978.00 65
986.00 65
1151.00 65
1264.00 65
1316.00 65
1323.00 65
1347.00 65
1350.00 65
1423.00 65
1461.00 65
1462.00 65
1483.00 65
1505.00 65
266.00 66
297.00 66
307.00 66
308.00 66
309.00 66
310.00 66
327.00 66
374.00 66
513.00 66
518.00 66
519.00 66
520.00 66
521.00 66
522.00 66
523.00 66
524.00 66
525.00 66
638.00 66
678.00 66
679.00 66
680.00 66
681.00 66
880.00 66
881.00 66
883.00 66
884.00 66
886.00 66
887.00 66
889.00 66
895.00 66
1003.00 66
1046.00 66
1049.00 66
1051.00 66
1052.00 66
1094.00 66
1235.00 66
1236.00 66
1240.00 66
1241.00 66
1242.00 66
1251.00 66
1253.00 66
1255.00 66
1257.00 66
1259.00 66
1354.00 66
1378.00 66
1392.00 66
1421.00 66
1422.00 66
1425.00 66
1427.00 66
1491.00 66
1589.00 66
134.00 67
234.00 67
464.00 67
559.00 67
886.00 67
1007.00 67
1284.00 67
1357.00 67
1452.00 67
1511.00 67
1515.00 67
173.00 68
179.00 68
189.00 68
196.00 68
290.00 68
385.00 68
388.00 68
479.00 68
542.00 68
543.00 68
549.00 68
556.00 68
573.00 68
667.00 68
752.00 68
761.00 68
784.00 68
834.00 68
856.00 68
869.00 68
870.00 68
885.00 68
911.00 68
912.00 68
917.00 68
922.00 68
950.00 68
990.00 68
1044.00 68
1071.00 68
1138.00 68
1179.00 68
1233.00 68
1277.00 68
1279.00 68
1327.00 68
1350.00 68
1359.00 68
1366.00 68
1382.00 68
1421.00 68
1429.00 68
1494.00 68
1515.00 68
577.00 69
734.00 69
806.00 69
1094.00 69
1389.00 69
374.00 70
490.00 70
494.00 70
759.00 70
947.00 70
1094.00 70
1175.00 70
1474.00 70
1555.00 70
136.00 71
186.00 71
282.00 71
308.00 71
377.00 71
475.00 71
515.00 71
571.00 71
664.00 71
755.00 71
770.00 71
932.00 71
1039.00 71
1051.00 71
1140.00 71
1179.00 71
1185.00 71
1232.00 71
1243.00 71
1282.00 71
1284.00 71
1386.00 71
1531.00 71
1554.00 71
799.00 72
851.00 72
1300.00 72
1521.00 72
199.00 73
305.00 73
374.00 73
446.00 73
556.00 73
825.00 73
968.00 73
1116.00 73
1280.00 73
1349.00 73
1421.00 73
1561.00 73
1589.00 73
148.00 74
175.00 74
367.00 74
374.00 74
555.00 74
824.00 74
877.00 74
910.00 74
994.00 74
1040.00 74
1300.00 74
1309.00 74
1317.00 74
1358.00 74
1395.00 74
1409.00 74
1411.00 74
1447.00 74
189.00 75
238.00 75
350.00 75
378.00 75
434.00 75
512.00 75
539.00 75
665.00 75
673.00 75
711.00 75
834.00 75
862.00 75
930.00 75
995.00 75
1023.00 75
1076.00 75
1157.00 75
1313.00 75
1318.00 75
1346.00 75
1439.00 75
1479.00 75
1494.00 75
1499.00 75
1507.00 75
1577.00 75
157.00 76
470.00 76
484.00 76
616.00 76
799.00 76
902.00 76
912.00 76
1008.00 76
1094.00 76
1253.00 76
1571.00 76
672.00 77
767.00 77
864.00 77
1539.00 77
188.00 78
221.00 78
343.00 78
362.00 78
707.00 78
1004.00 78
1202.00 78
1381.00 78
1491.00 78
1570.00 78
306.00 79
363.00 79
453.00 79
519.00 79
674.00 79
888.00 79
894.00 79
1094.00 79
1096.00 79
1097.00 79
1188.00 79
1232.00 79
1240.00 79
1246.00 79
1381.00 79
1571.00 79
209.00 80
214.00 80
326.00 80
449.00 80
696.00 80
762.00 80
797.00 80
856.00 80
870.00 80
1016.00 80
1099.00 80
1185.00 80
1193.00 80
1260.00 80
1380.00 80
1389.00 80
1565.00 80
296.00 81
298.00 81
633.00 81
655.00 81
660.00 81
700.00 81
777.00 81
1014.00 81
1185.00 81
1199.00 81
1575.00 81
155.00 82
176.00 82
215.00 82
274.00 82
296.00 82
394.00 82
415.00 82
514.00 82
535.00 82
587.00 82
633.00 82
655.00 82
753.00 82
774.00 82
775.00 82
792.00 82
873.00 82
894.00 82
992.00 82
1014.00 82
1087.00 82
1112.00 82
1134.00 82
1232.00 82
1253.00 82
1351.00 82
1373.00 82
1456.00 82
1471.00 82
1493.00 82
1591.00 82
137.00 83
194.00 83
370.00 83
446.00 83
495.00 83
561.00 83
620.00 83
753.00 83
874.00 83
881.00 83
926.00 83
1039.00 83
1054.00 83
1063.00 83
1185.00 83
1279.00 83
1284.00 83
1395.00 83
1396.00 83
1462.00 83
1528.00 83
1561.00 83
1564.00 83
169.00 84
951.00 84
1185.00 84
1197.00 84
1439.00 84
