139.00  1
188.00  1
793.00  1
812.00  1
940.00  1
952.00  1
1224.00  1
1326.00  1
1462.00  1
1503.00  1
1513.00  1
178.00  2
391.00  2
548.00  2
642.00  2
669.00  2
751.00  2
794.00  2
1442.00  2
1444.00  2
1537.00  2
1570.00  2
1576.00  2
1577.00  2
687.00  3
793.00  3
182.00  4
184.00  4
227.00  4
363.00  4
551.00  4
738.00  4
794.00  4
869.00  4
992.00  4
1302.00  4
1357.00  4
1425.00  4
1570.00  4
1482.00  5
225.00  6
308.00  6
625.00  6
909.00  6
450.00  7
590.00  7
645.00  7
659.00  7
661.00  7
935.00  7
981.00  7
982.00  7
1463.00  7
143.00  8
175.00  8
1049.00  8
1088.00  8
181.00  9
794.00  9
793.00 10
1441.00 10
1460.00 10
1490.00 10
674.00 12
1043.00 12
258.00 13
267.00 13
296.00 13
351.00 13
396.00 13
413.00 13
779.00 13
794.00 13
1033.00 13
1056.00 13
1115.00 13
1306.00 13
1325.00 13
1357.00 13
1507.00 13
1572.00 13
181.00 14
182.00 14
265.00 14
274.00 14
310.00 14
332.00 14
678.00 14
708.00 14
781.00 14
794.00 14
796.00 14
902.00 14
903.00 14
936.00 14
1009.00 14
1125.00 14
1303.00 14
1329.00 14
1444.00 14
1540.00 14
1589.00 14
137.00 15
184.00 15
186.00 15
241.00 15
300.00 15
343.00 15
397.00 15
646.00 15
696.00 15
708.00 15
727.00 15
794.00 15
816.00 15
957.00 15
1063.00 15
1522.00 15
1584.00 15
137.00 16
181.00 16
248.00 16
269.00 16
447.00 16
486.00 16
499.00 16
514.00 16
621.00 16
721.00 16
794.00 16
816.00 16
833.00 16
911.00 16
1146.00 16
1315.00 16
1448.00 16
681.00 17
849.00 17
181.00 18
187.00 18
190.00 18
199.00 18
200.00 18
202.00 18
205.00 18
206.00 18
208.00 18
215.00 18
345.00 18
562.00 18
564.00 18
709.00 18
743.00 18
750.00 18
752.00 18
794.00 18
819.00 18
934.00 18
936.00 18
952.00 18
958.00 18
960.00 18
987.00 18
1289.00 18
1300.00 18
1301.00 18
1302.00 18
1303.00 18
1412.00 18
161.00 19
248.00 19
311.00 19
370.00 19
412.00 19
440.00 19
541.00 19
667.00 19
708.00 19
723.00 19
794.00 19
933.00 19
1014.00 19
1054.00 19
1149.00 19
1173.00 19
1503.00 19
1531.00 19
1552.00 19
1553.00 19
1575.00 19
147.00 20
181.00 20
225.00 20
314.00 20
440.00 20
597.00 20
720.00 20
794.00 20
796.00 20
826.00 20
831.00 20
862.00 20
877.00 20
914.00 20
948.00 20
996.00 20
1060.00 20
1527.00 20
1561.00 20
183.00 21
314.00 21
321.00 21
374.00 21
392.00 21
455.00 21
571.00 21
610.00 21
654.00 21
724.00 21
753.00 21
794.00 21
804.00 21
816.00 21
863.00 21
962.00 21
1035.00 21
1233.00 21
1330.00 21
1349.00 21
1440.00 21
181.00 22
307.00 22
350.00 22
613.00 22
793.00 22
794.00 22
809.00 22
846.00 22
982.00 22
1100.00 22
1490.00 22
134.00 23
237.00 23
560.00 23
676.00 23
794.00 23
867.00 23
908.00 23
1562.00 23
1565.00 23
137.00 24
219.00 24
587.00 24
618.00 24
794.00 24
812.00 24
1251.00 24
1506.00 24
1576.00 24
151.00 25
161.00 25
412.00 25
619.00 25
689.00 25
861.00 25
898.00 25
1080.00 25
1119.00 25
1145.00 25
1262.00 25
1310.00 25
1531.00 25
134.00 26
184.00 26
289.00 26
291.00 26
369.00 26
619.00 26
624.00 26
640.00 26
793.00 26
794.00 26
816.00 26
830.00 26
1041.00 26
1290.00 26
1341.00 26
1351.00 26
1352.00 26
1440.00 26
1490.00 26
235.00 27
653.00 27
758.00 27
779.00 27
888.00 27
895.00 27
930.00 27
1077.00 27
1324.00 27
1359.00 27
1368.00 27
1385.00 27
1450.00 27
1493.00 27
142.00 28
155.00 28
1389.00 28
152.00 29
460.00 29
634.00 29
794.00 29
1577.00 29
148.00 30
312.00 30
609.00 30
661.00 30
761.00 30
793.00 30
794.00 30
959.00 30
1290.00 30
1331.00 30
175.00 33
445.00 33
578.00 33
606.00 33
772.00 33
819.00 33
1475.00 33
1481.00 33
1541.00 33
143.00 34
230.00 34
542.00 34
624.00 34
814.00 34
819.00 34
837.00 34
960.00 34
990.00 34
999.00 34
1385.00 34
1389.00 34
1430.00 34
1449.00 34
1542.00 34
1567.00 34
1568.00 34
1576.00 34
250.00 35
251.00 35
515.00 35
524.00 35
543.00 35
558.00 35
599.00 35
746.00 35
805.00 35
930.00 35
997.00 35
1164.00 35
1282.00 35
1284.00 35
1358.00 35
1532.00 35
1553.00 35
1570.00 35
1577.00 35
218.00 36
226.00 36
450.00 36
461.00 36
503.00 36
920.00 36
991.00 36
1480.00 36
1548.00 36
1575.00 36
877.00 37
227.00 38
340.00 38
370.00 38
586.00 38
662.00 38
787.00 38
1032.00 38
1071.00 38
1098.00 38
1163.00 38
1265.00 38
1334.00 38
1407.00 38
1419.00 38
1423.00 38
1441.00 38
1563.00 38
134.00 39
610.00 39
704.00 39
794.00 39
796.00 39
1006.00 39
1111.00 39
1402.00 39
1549.00 39
1551.00 39
140.00 40
181.00 40
198.00 40
199.00 40
204.00 40
250.00 40
265.00 40
295.00 40
344.00 40
345.00 40
483.00 40
504.00 40
645.00 40
738.00 40
775.00 40
794.00 40
804.00 40
879.00 40
938.00 40
972.00 40
982.00 40
1289.00 40
1317.00 40
1332.00 40
1342.00 40
1361.00 40
1398.00 40
1412.00 40
1419.00 40
1505.00 40
1544.00 40
1561.00 40
1578.00 40
180.00 41
181.00 41
331.00 41
332.00 41
333.00 41
348.00 41
701.00 41
702.00 41
703.00 41
707.00 41
708.00 41
710.00 41
712.00 41
713.00 41
721.00 41
739.00 41
830.00 41
948.00 41
1047.00 41
1071.00 41
1072.00 41
1073.00 41
1075.00 41
1076.00 41
1078.00 41
1411.00 41
1440.00 41
1441.00 41
1443.00 41
1489.00 41
1542.00 41
181.00 42
289.00 42
414.00 42
604.00 42
624.00 42
793.00 42
981.00 42
989.00 42
1000.00 42
1352.00 42
1489.00 42
204.00 43
205.00 43
207.00 43
212.00 43
213.00 43
215.00 43
217.00 43
259.00 43
365.00 43
582.00 43
583.00 43
585.00 43
586.00 43
794.00 43
952.00 43
955.00 43
958.00 43
959.00 43
964.00 43
970.00 43
1020.00 43
1322.00 43
1323.00 43
1325.00 43
1332.00 43
1433.00 43
161.00 44
179.00 44
217.00 44
258.00 44
309.00 44
311.00 44
370.00 44
382.00 44
433.00 44
484.00 44
495.00 44
583.00 44
729.00 44
752.00 44
760.00 44
793.00 44
810.00 44
893.00 44
937.00 44
1041.00 44
1371.00 44
1389.00 44
1404.00 44
1536.00 44
1565.00 44
1569.00 44
146.00 45
150.00 45
202.00 45
277.00 45
379.00 45
526.00 45
623.00 45
632.00 45
681.00 45
843.00 45
844.00 45
862.00 45
902.00 45
1026.00 45
1303.00 45
1418.00 45
1480.00 45
1483.00 45
1489.00 45
1493.00 45
1527.00 45
1542.00 45
1575.00 45
155.00 46
209.00 46
212.00 46
265.00 46
373.00 46
427.00 46
461.00 46
626.00 46
766.00 46
793.00 46
850.00 46
1259.00 46
1393.00 46
1458.00 46
1508.00 46
1552.00 46
1570.00 46
1573.00 46
164.00 47
192.00 47
208.00 47
212.00 47
221.00 47
243.00 47
322.00 47
326.00 47
408.00 47
457.00 47
516.00 47
532.00 47
556.00 47
590.00 47
599.00 47
681.00 47
793.00 47
794.00 47
829.00 47
840.00 47
921.00 47
1056.00 47
1265.00 47
1370.00 47
1387.00 47
1400.00 47
1497.00 47
1507.00 47
1523.00 47
1530.00 47
134.00 48
181.00 48
523.00 48
533.00 48
775.00 48
789.00 48
816.00 48
924.00 48
1044.00 48
1371.00 48
1570.00 48
1571.00 48
174.00 49
233.00 49
278.00 49
335.00 49
338.00 49
394.00 49
610.00 49
624.00 49
628.00 49
709.00 49
754.00 49
756.00 49
988.00 49
1052.00 49
1053.00 49
1114.00 49
1141.00 49
1181.00 49
1206.00 49
1237.00 49
1413.00 49
1454.00 49
1492.00 49
1510.00 49
170.00 50
653.00 50
687.00 50
794.00 50
795.00 50
1192.00 50
1208.00 50
1312.00 50
1330.00 50
1426.00 50
1449.00 50
203.00 51
205.00 51
268.00 51
338.00 51
363.00 51
398.00 51
416.00 51
646.00 51
677.00 51
753.00 51
793.00 51
949.00 51
955.00 51
964.00 51
1041.00 51
1319.00 51
1494.00 51
265.00 52
267.00 52
300.00 52
726.00 52
793.00 52
1305.00 52
1311.00 52
1385.00 52
134.00 53
296.00 53
467.00 53
721.00 53
819.00 53
1014.00 53
1177.00 53
1233.00 53
1384.00 53
1576.00 53
154.00 54
169.00 54
184.00 54
233.00 54
512.00 54
823.00 54
989.00 54
1009.00 54
1022.00 54
1048.00 54
1206.00 54
1254.00 54
1349.00 54
1371.00 54
1417.00 54
1520.00 54
134.00 55
248.00 55
369.00 55
397.00 55
481.00 55
498.00 55
526.00 55
609.00 55
625.00 55
713.00 55
720.00 55
737.00 55
743.00 55
759.00 55
782.00 55
805.00 55
837.00 55
927.00 55
993.00 55
1121.00 55
1444.00 55
1475.00 55
587.00 56
717.00 56
793.00 56
954.00 56
1117.00 56
1327.00 56
1338.00 56
1554.00 56
1565.00 56
134.00 57
143.00 57
199.00 57
298.00 57
399.00 57
565.00 57
757.00 57
793.00 57
794.00 57
796.00 57
816.00 57
876.00 57
915.00 57
964.00 57
1072.00 57
1260.00 57
1367.00 57
1428.00 57
1459.00 57
1485.00 57
1527.00 57
1528.00 57
1570.00 57
134.00 58
155.00 58
205.00 58
224.00 58
233.00 58
236.00 58
247.00 58
256.00 58
257.00 58
258.00 58
260.00 58
287.00 58
288.00 58
289.00 58
290.00 58
291.00 58
303.00 58
338.00 58
477.00 58
620.00 58
621.00 58
623.00 58
639.00 58
640.00 58
641.00 58
664.00 58
672.00 58
673.00 58
675.00 58
678.00 58
714.00 58
718.00 58
793.00 58
794.00 58
810.00 58
829.00 58
933.00 58
984.00 58
985.00 58
986.00 58
988.00 58
989.00 58
990.00 58
995.00 58
1040.00 58
1041.00 58
1044.00 58
1055.00 58
1056.00 58
1222.00 58
1303.00 58
1340.00 58
1348.00 58
1349.00 58
1350.00 58
1351.00 58
1413.00 58
1434.00 58
1438.00 58
1439.00 58
1440.00 58
1490.00 58
1494.00 58
1504.00 58
1520.00 58
134.00 59
137.00 59
152.00 59
244.00 59
551.00 59
610.00 59
646.00 59
989.00 59
134.00 60
189.00 60
198.00 60
277.00 60
278.00 60
312.00 60
325.00 60
330.00 60
357.00 60
411.00 60
486.00 60
592.00 60
788.00 60
816.00 60
877.00 60
887.00 60
893.00 60
931.00 60
973.00 60
1025.00 60
1068.00 60
1110.00 60
1136.00 60
1183.00 60
1214.00 60
1254.00 60
1313.00 60
1330.00 60
1458.00 60
1483.00 60
1492.00 60
1526.00 60
1549.00 60
1563.00 60
141.00 61
181.00 61
191.00 61
202.00 61
238.00 61
302.00 61
307.00 61
395.00 61
402.00 61
461.00 61
480.00 61
493.00 61
495.00 61
502.00 61
559.00 61
624.00 61
645.00 61
736.00 61
808.00 61
811.00 61
848.00 61
909.00 61
925.00 61
957.00 61
970.00 61
994.00 61
1010.00 61
1057.00 61
1215.00 61
1341.00 61
1461.00 61
1486.00 61
1519.00 61
1567.00 61
1573.00 61
134.00 62
184.00 62
257.00 62
337.00 62
452.00 62
704.00 62
808.00 62
829.00 62
837.00 62
842.00 62
868.00 62
967.00 62
1012.00 62
1144.00 62
1195.00 62
1207.00 62
1322.00 62
1370.00 62
1395.00 62
1404.00 62
1453.00 62
1561.00 62
134.00 63
155.00 63
181.00 63
231.00 63
412.00 63
551.00 63
990.00 63
1478.00 63
951.00 64
1320.00 64
1449.00 64
153.00 65
175.00 65
176.00 65
181.00 65
229.00 65
263.00 65
269.00 65
335.00 65
340.00 65
396.00 65
442.00 65
484.00 65
495.00 65
523.00 65
589.00 65
656.00 65
677.00 65
708.00 65
805.00 65
815.00 65
1016.00 65
1019.00 65
1097.00 65
1111.00 65
1147.00 65
1176.00 65
1178.00 65
1180.00 65
1270.00 65
1325.00 65
1347.00 65
1361.00 65
1363.00 65
1413.00 65
1439.00 65
1524.00 65
1547.00 65
1567.00 65
1576.00 65
134.00 66
187.00 66
190.00 66
199.00 66
202.00 66
203.00 66
205.00 66
392.00 66
562.00 66
580.00 66
581.00 66
709.00 66
751.00 66
793.00 66
947.00 66
960.00 66
970.00 66
1072.00 66
1118.00 66
1441.00 66
1442.00 66
1454.00 66
1490.00 66
134.00 67
209.00 67
1402.00 67
1449.00 67
159.00 68
226.00 68
228.00 68
231.00 68
276.00 68
357.00 68
429.00 68
464.00 68
496.00 68
541.00 68
606.00 68
607.00 68
684.00 68
771.00 68
794.00 68
839.00 68
920.00 68
983.00 68
986.00 68
989.00 68
997.00 68
1100.00 68
1191.00 68
1289.00 68
1321.00 68
1361.00 68
1367.00 68
1569.00 68
1574.00 68
145.00 69
437.00 69
790.00 69
816.00 69
879.00 69
1000.00 69
1268.00 69
200.00 70
423.00 70
696.00 70
794.00 70
969.00 70
1117.00 70
1256.00 70
1370.00 70
1479.00 70
1489.00 70
1561.00 70
1566.00 70
134.00 71
181.00 71
186.00 71
213.00 71
335.00 71
345.00 71
430.00 71
442.00 71
448.00 71
704.00 71
705.00 71
711.00 71
809.00 71
839.00 71
886.00 71
1054.00 71
1064.00 71
1072.00 71
1170.00 71
1325.00 71
1432.00 71
1443.00 71
152.00 72
228.00 72
291.00 72
311.00 72
440.00 72
451.00 72
747.00 72
783.00 72
955.00 72
958.00 72
1001.00 72
1109.00 72
1489.00 72
1543.00 72
1570.00 72
134.00 73
181.00 73
229.00 73
296.00 73
317.00 73
342.00 73
444.00 73
517.00 73
528.00 73
530.00 73
570.00 73
708.00 73
727.00 73
779.00 73
793.00 73
814.00 73
816.00 73
822.00 73
832.00 73
844.00 73
851.00 73
895.00 73
903.00 73
907.00 73
922.00 73
951.00 73
961.00 73
984.00 73
1035.00 73
1097.00 73
1149.00 73
1261.00 73
1281.00 73
1332.00 73
1363.00 73
1415.00 73
1450.00 73
1494.00 73
1528.00 73
1561.00 73
171.00 74
231.00 74
307.00 74
346.00 74
348.00 74
662.00 74
668.00 74
1211.00 74
1257.00 74
1315.00 74
1401.00 74
134.00 75
181.00 75
184.00 75
187.00 75
205.00 75
267.00 75
330.00 75
469.00 75
561.00 75
615.00 75
640.00 75
776.00 75
784.00 75
894.00 75
921.00 75
951.00 75
1028.00 75
1044.00 75
1102.00 75
1112.00 75
1253.00 75
1397.00 75
1403.00 75
1428.00 75
1504.00 75
1579.00 75
1589.00 75
134.00 76
345.00 76
477.00 76
482.00 76
565.00 76
609.00 76
755.00 76
781.00 76
834.00 76
835.00 76
857.00 76
872.00 76
936.00 76
1268.00 76
1389.00 76
1399.00 76
1531.00 76
1579.00 76
134.00 77
886.00 77
888.00 77
721.00 78
794.00 78
796.00 78
1031.00 78
1423.00 78
1488.00 78
1552.00 78
1575.00 78
155.00 79
156.00 79
289.00 79
358.00 79
375.00 79
389.00 79
390.00 79
403.00 79
406.00 79
692.00 79
782.00 79
793.00 79
794.00 79
820.00 79
836.00 79
838.00 79
1052.00 79
1089.00 79
1315.00 79
1326.00 79
1338.00 79
1349.00 79
1489.00 79
1523.00 79
1533.00 79
1552.00 79
1553.00 79
1554.00 79
1573.00 79
134.00 80
157.00 80
369.00 80
395.00 80
401.00 80
447.00 80
453.00 80
479.00 80
499.00 80
637.00 80
711.00 80
783.00 80
789.00 80
793.00 80
809.00 80
835.00 80
836.00 80
841.00 80
1107.00 80
1217.00 80
1292.00 80
1394.00 80
1400.00 80
1418.00 80
1431.00 80
1438.00 80
1485.00 80
1490.00 80
1549.00 80
1550.00 80
1569.00 80
1576.00 80
134.00 81
184.00 81
342.00 81
392.00 81
442.00 81
709.00 81
778.00 81
951.00 81
962.00 81
1134.00 81
1292.00 81
1361.00 81
1450.00 81
1495.00 81
134.00 82
153.00 82
168.00 82
171.00 82
181.00 82
297.00 82
300.00 82
621.00 82
658.00 82
692.00 82
703.00 82
708.00 82
714.00 82
812.00 82
892.00 82
953.00 82
1072.00 82
1096.00 82
1390.00 82
1424.00 82
1474.00 82
1572.00 82
1573.00 82
134.00 83
136.00 83
181.00 83
377.00 83
396.00 83
579.00 83
743.00 83
897.00 83
941.00 83
1291.00 83
1490.00 83
1524.00 83
1577.00 83
134.00 84
173.00 84
175.00 84
350.00 84
388.00 84
448.00 84
449.00 84
459.00 84
477.00 84
666.00 84
714.00 84
778.00 84
782.00 84
829.00 84
929.00 84
1095.00 84
1434.00 84
1490.00 84
1544.00 84
