824.00  1
152.00  4
733.00  4
1094.00  4
215.00  7
544.00  7
697.00  7
1094.00  7
1276.00  7
1311.00  7
174.00 13
186.00 13
636.00 13
661.00 13
927.00 13
1094.00 13
1161.00 13
1371.00 13
582.00 16
282.00 17
327.00 17
626.00 17
888.00 17
907.00 17
983.00 17
1009.00 17
1094.00 17
1420.00 17
1429.00 17
172.00 18
185.00 18
186.00 18
187.00 18
498.00 18
509.00 18
516.00 18
520.00 18
530.00 18
632.00 18
642.00 18
878.00 18
880.00 18
883.00 18
885.00 18
888.00 18
890.00 18
895.00 18
897.00 18
1003.00 18
1050.00 18
1236.00 18
1238.00 18
1239.00 18
1240.00 18
1241.00 18
1260.00 18
1421.00 18
1422.00 18
915.00 21
172.00 22
183.00 22
374.00 22
543.00 22
545.00 22
550.00 22
912.00 22
913.00 22
915.00 22
916.00 22
1282.00 22
1283.00 22
426.00 23
233.00 26
234.00 26
235.00 26
237.00 26
549.00 26
602.00 26
603.00 26
604.00 26
605.00 26
607.00 26
737.00 26
924.00 26
972.00 26
973.00 26
975.00 26
1094.00 26
1339.00 26
1340.00 26
1342.00 26
1345.00 26
1418.00 26
1551.00 26
811.00 33
1333.00 33
138.00 34
150.00 34
282.00 34
296.00 34
416.00 34
811.00 34
943.00 34
1498.00 34
187.00 35
238.00 35
344.00 35
496.00 35
589.00 35
866.00 35
889.00 35
915.00 35
927.00 35
1176.00 35
1199.00 35
1232.00 35
1326.00 35
1474.00 35
1484.00 35
1515.00 35
151.00 36
1175.00 36
150.00 37
252.00 37
267.00 37
540.00 37
840.00 37
943.00 37
1027.00 37
1517.00 37
1546.00 37
149.00 38
157.00 38
213.00 38
227.00 38
325.00 38
386.00 38
421.00 38
491.00 38
548.00 38
575.00 38
763.00 38
864.00 38
866.00 38
932.00 38
1038.00 38
1043.00 38
1150.00 38
1231.00 38
1251.00 38
1303.00 38
1345.00 38
1421.00 38
1422.00 38
1457.00 38
1533.00 38
255.00 39
361.00 39
424.00 39
509.00 39
546.00 39
632.00 39
645.00 39
698.00 39
716.00 39
767.00 39
783.00 39
799.00 39
862.00 39
986.00 39
1007.00 39
1009.00 39
1047.00 39
1076.00 39
1094.00 39
1185.00 39
1191.00 39
1255.00 39
1296.00 39
1378.00 39
1389.00 39
1398.00 39
1421.00 39
1454.00 39
1499.00 39
1500.00 39
1521.00 39
1525.00 39
209.00 40
326.00 40
489.00 40
993.00 40
1300.00 40
1331.00 40
1421.00 40
137.00 41
259.00 41
260.00 41
261.00 41
264.00 41
277.00 41
295.00 41
299.00 41
300.00 41
508.00 41
596.00 41
632.00 41
633.00 41
634.00 41
635.00 41
636.00 41
637.00 41
638.00 41
639.00 41
640.00 41
668.00 41
669.00 41
670.00 41
673.00 41
743.00 41
1003.00 41
1007.00 41
1008.00 41
1009.00 41
1010.00 41
1011.00 41
1012.00 41
1013.00 41
1015.00 41
1038.00 41
1039.00 41
1040.00 41
1094.00 41
1222.00 41
1357.00 41
1380.00 41
1381.00 41
1382.00 41
1383.00 41
1384.00 41
1385.00 41
1386.00 41
1387.00 41
1390.00 41
1408.00 41
1409.00 41
1410.00 41
173.00 42
174.00 42
176.00 42
186.00 42
230.00 42
368.00 42
547.00 42
548.00 42
549.00 42
552.00 42
558.00 42
601.00 42
602.00 42
625.00 42
881.00 42
923.00 42
930.00 42
972.00 42
974.00 42
1022.00 42
1094.00 42
1232.00 42
1299.00 42
1301.00 42
1340.00 42
1343.00 42
1349.00 42
1404.00 42
132.00 43
134.00 43
135.00 43
136.00 43
137.00 43
140.00 43
143.00 43
507.00 43
508.00 43
509.00 43
510.00 43
511.00 43
512.00 43
513.00 43
516.00 43
881.00 43
882.00 43
884.00 43
885.00 43
886.00 43
887.00 43
888.00 43
889.00 43
891.00 43
892.00 43
894.00 43
1257.00 43
1258.00 43
1259.00 43
1260.00 43
1261.00 43
1262.00 43
1263.00 43
1264.00 43
1265.00 43
1266.00 43
1271.00 43
305.00 45
438.00 45
768.00 45
842.00 45
1145.00 45
273.00 46
311.00 46
366.00 46
422.00 46
605.00 46
677.00 46
741.00 46
926.00 46
1123.00 46
1574.00 46
171.00 47
492.00 47
531.00 47
537.00 47
590.00 47
1262.00 47
1349.00 47
1431.00 47
1506.00 47
1566.00 47
633.00 52
728.00 52
918.00 52
1282.00 52
1392.00 52
151.00 53
155.00 53
339.00 53
469.00 53
487.00 53
519.00 53
550.00 53
666.00 53
724.00 53
790.00 53
886.00 53
960.00 53
1078.00 53
1089.00 53
1096.00 53
1135.00 53
1143.00 53
1185.00 53
1202.00 53
1223.00 53
1313.00 53
1392.00 53
1483.00 53
1491.00 53
1528.00 53
1586.00 53
231.00 54
454.00 54
543.00 54
545.00 54
775.00 54
843.00 54
913.00 54
915.00 54
1276.00 54
1543.00 54
196.00 55
490.00 55
616.00 55
724.00 55
756.00 55
949.00 55
1022.00 55
1361.00 55
1451.00 55
1555.00 55
159.00 56
430.00 56
552.00 56
671.00 56
695.00 56
738.00 56
879.00 56
965.00 56
1019.00 56
1046.00 56
1188.00 56
1223.00 56
1313.00 56
1354.00 56
1364.00 56
1379.00 56
177.00 57
181.00 57
280.00 57
346.00 57
570.00 57
583.00 57
718.00 57
726.00 57
745.00 57
865.00 57
931.00 57
933.00 57
939.00 57
993.00 57
1024.00 57
1122.00 57
1123.00 57
1252.00 57
1291.00 57
1364.00 57
1444.00 57
1446.00 57
1530.00 57
173.00 58
186.00 58
230.00 58
231.00 58
232.00 58
233.00 58
234.00 58
235.00 58
236.00 58
238.00 58
239.00 58
374.00 58
492.00 58
540.00 58
550.00 58
601.00 58
602.00 58
603.00 58
604.00 58
605.00 58
606.00 58
608.00 58
765.00 58
908.00 58
913.00 58
916.00 58
918.00 58
927.00 58
970.00 58
971.00 58
972.00 58
973.00 58
974.00 58
975.00 58
1128.00 58
1129.00 58
1275.00 58
1276.00 58
1286.00 58
1287.00 58
1308.00 58
1309.00 58
1339.00 58
1340.00 58
1341.00 58
1342.00 58
1343.00 58
1344.00 58
1345.00 58
1346.00 58
1491.00 58
1492.00 58
1509.00 58
1529.00 58
1536.00 58
209.00 59
215.00 59
295.00 59
352.00 59
367.00 59
469.00 59
614.00 59
686.00 59
817.00 59
909.00 59
916.00 59
927.00 59
1094.00 59
1109.00 59
1185.00 59
1209.00 59
1400.00 59
1411.00 59
1529.00 59
1532.00 59
1539.00 59
1575.00 59
153.00 60
234.00 60
240.00 60
364.00 60
440.00 60
448.00 60
510.00 60
556.00 60
645.00 60
748.00 60
800.00 60
1046.00 60
1050.00 60
1096.00 60
1111.00 60
1120.00 60
1142.00 60
1185.00 60
1311.00 60
1369.00 60
1409.00 60
1421.00 60
1483.00 60
1518.00 60
142.00 61
311.00 61
343.00 61
414.00 61
426.00 61
446.00 61
553.00 61
600.00 61
684.00 61
702.00 61
718.00 61
869.00 61
918.00 61
919.00 61
957.00 61
977.00 61
1094.00 61
1121.00 61
1210.00 61
1232.00 61
1253.00 61
1254.00 61
1278.00 61
1307.00 61
1442.00 61
1444.00 61
1497.00 61
1538.00 61
1573.00 61
172.00 62
174.00 62
187.00 62
433.00 62
540.00 62
684.00 62
811.00 62
860.00 62
908.00 62
912.00 62
913.00 62
914.00 62
945.00 62
1071.00 62
1094.00 62
1275.00 62
1276.00 62
1316.00 62
1340.00 62
1350.00 62
1416.00 62
1440.00 62
1452.00 62
1528.00 62
1543.00 62
1561.00 62
1579.00 62
196.00 63
241.00 63
244.00 63
248.00 63
326.00 63
350.00 63
432.00 63
514.00 63
526.00 63
553.00 63
805.00 63
877.00 63
995.00 63
1011.00 63
1112.00 63
1239.00 63
1326.00 63
1349.00 63
1427.00 63
1504.00 63
1534.00 63
1570.00 63
144.00 64
146.00 64
264.00 64
296.00 64
328.00 64
339.00 64
472.00 64
634.00 64
711.00 64
742.00 64
818.00 64
836.00 64
1021.00 64
1094.00 64
1132.00 64
1247.00 64
1385.00 64
1550.00 64
1570.00 64
1575.00 64
140.00 65
206.00 65
231.00 65
531.00 65
577.00 65
605.00 65
634.00 65
740.00 65
890.00 65
955.00 65
978.00 65
1283.00 65
1285.00 65
1461.00 65
1566.00 65
1576.00 65
163.00 66
307.00 66
308.00 66
309.00 66
326.00 66
327.00 66
331.00 66
475.00 66
517.00 66
518.00 66
520.00 66
521.00 66
523.00 66
532.00 66
639.00 66
679.00 66
680.00 66
880.00 66
882.00 66
883.00 66
884.00 66
886.00 66
887.00 66
889.00 66
892.00 66
898.00 66
1050.00 66
1051.00 66
1052.00 66
1094.00 66
1240.00 66
1248.00 66
1250.00 66
1251.00 66
1422.00 66
1589.00 66
165.00 67
256.00 67
280.00 67
374.00 67
395.00 67
468.00 67
517.00 67
527.00 67
644.00 67
680.00 67
727.00 67
735.00 67
740.00 67
752.00 67
833.00 67
915.00 67
943.00 67
965.00 67
1039.00 67
1094.00 67
1147.00 67
1185.00 67
1256.00 67
1356.00 67
1535.00 67
1536.00 67
1571.00 67
179.00 68
296.00 68
398.00 68
456.00 68
463.00 68
490.00 68
536.00 68
541.00 68
545.00 68
563.00 68
587.00 68
644.00 68
703.00 68
733.00 68
776.00 68
789.00 68
910.00 68
912.00 68
964.00 68
965.00 68
1024.00 68
1094.00 68
1242.00 68
1276.00 68
1278.00 68
1285.00 68
1343.00 68
1373.00 68
1407.00 68
1424.00 68
1555.00 68
494.00 69
819.00 69
1024.00 69
1497.00 69
630.00 70
1094.00 70
1419.00 70
163.00 71
307.00 71
309.00 71
366.00 71
697.00 71
1232.00 71
1465.00 71
141.00 73
183.00 73
361.00 73
553.00 73
554.00 73
1054.00 73
1116.00 73
1577.00 74
374.00 75
414.00 75
511.00 75
540.00 75
585.00 75
612.00 75
699.00 75
701.00 75
863.00 75
902.00 75
1004.00 75
1185.00 75
1317.00 75
1346.00 75
1391.00 75
1508.00 75
1567.00 75
1577.00 75
251.00 76
339.00 76
374.00 76
380.00 76
420.00 76
443.00 76
845.00 76
903.00 76
918.00 76
1008.00 76
1053.00 76
1094.00 76
1158.00 76
1284.00 76
1354.00 76
1570.00 76
1574.00 76
1576.00 76
208.00 77
265.00 77
306.00 77
436.00 77
475.00 77
734.00 77
741.00 77
752.00 77
827.00 77
851.00 77
855.00 77
1094.00 77
1123.00 77
1185.00 77
1394.00 77
1452.00 77
1462.00 77
1484.00 77
1489.00 77
1558.00 77
1578.00 77
133.00 78
134.00 78
139.00 78
157.00 78
162.00 78
223.00 78
232.00 78
252.00 78
361.00 78
434.00 78
443.00 78
478.00 78
509.00 78
535.00 78
649.00 78
678.00 78
697.00 78
706.00 78
712.00 78
749.00 78
791.00 78
851.00 78
897.00 78
1021.00 78
1061.00 78
1094.00 78
1111.00 78
1184.00 78
1205.00 78
1267.00 78
1454.00 78
1494.00 78
1517.00 78
1543.00 78
1545.00 78
1578.00 78
137.00 79
143.00 79
217.00 79
254.00 79
429.00 79
436.00 79
532.00 79
633.00 79
644.00 79
834.00 79
1006.00 79
1009.00 79
1094.00 79
1187.00 79
1393.00 79
1408.00 79
1476.00 79
141.00 80
189.00 80
227.00 80
251.00 80
255.00 80
508.00 80
635.00 80
638.00 80
791.00 80
814.00 80
900.00 80
1053.00 80
1067.00 80
1094.00 80
1187.00 80
1232.00 80
1382.00 80
1427.00 80
1449.00 80
1561.00 80
1566.00 80
162.00 81
380.00 81
499.00 81
574.00 81
663.00 81
752.00 81
758.00 81
853.00 81
878.00 81
1022.00 81
1062.00 81
1077.00 81
1357.00 81
1561.00 81
138.00 82
326.00 82
418.00 82
618.00 82
845.00 82
1396.00 82
1414.00 82
1496.00 82
1546.00 82
1573.00 82
148.00 83
283.00 83
463.00 83
574.00 83
717.00 83
797.00 83
1019.00 83
1185.00 83
1465.00 83
1561.00 83
170.00 84
495.00 84
497.00 84
865.00 84
1236.00 84
1424.00 84
